Distance Predictions: 
[[ 0.        26.23407   11.744497   7.7099347 21.023888  13.835177
  11.090732  10.962439  13.47119  ]
 [26.23407    0.        21.160175  29.032356  19.017332  34.60057
  20.473831  30.026974  19.856691 ]
 [11.744497  21.160175   0.         7.280606  21.164368  12.538836
   8.728424  10.976412  10.054706 ]
 [ 7.7099347 29.032356   7.280606   0.        21.685398  12.864471
   9.9171505 12.944782  15.318827 ]
 [21.023888  19.017332  21.164368  21.685398   0.        34.481808
  18.318756  19.313976  25.754545 ]
 [13.835177  34.60057   12.538836  12.864471  34.481808   0.
  17.113817  20.537243  19.292942 ]
 [11.090732  20.473831   8.728424   9.9171505 18.318756  17.113817
   0.        12.555195  13.498865 ]
 [10.962439  30.026974  10.976412  12.944782  19.313976  20.537243
  12.555195   0.        14.692891 ]
 [13.47119   19.856691  10.054706  15.318827  25.754545  19.292942
  13.498865  14.692891   0.       ]]

Depth Predictions: 
[11.990859  12.66951    5.8936815  7.5682373 10.505124  17.170248
  8.149059  14.854025   6.4469995]