Constructing new results directory at example/results/attnresln/BERT-disk-demo-2024-5-19-15-45-3-671009/
Constructing TwoWordPSDProbe
Constructing OneWordPSDProbe

Distance Predictions: 
[[ 0.        17.86719   10.085056  10.403666  16.188     24.362684
  15.362448  18.047699  12.075224 ]
 [17.86719    0.         9.021279  12.002333  11.867938  21.157082
  22.776318  21.33946   11.088206 ]
 [10.085056   9.021279   0.         7.6221914 11.68186   16.611404
  11.134788  15.773376   5.8576994]
 [10.403666  12.002333   7.6221914  0.        10.66424   15.340908
  14.214396  11.103754   9.666749 ]
 [16.188     11.867938  11.68186   10.66424    0.        10.323467
  15.062732  16.789452   7.999654 ]
 [24.362684  21.157082  16.611404  15.340908  10.323467   0.
  17.360397  18.357008  10.686776 ]
 [15.362448  22.776318  11.134788  14.214396  15.062732  17.360397
   0.        16.092512  10.010104 ]
 [18.047699  21.33946   15.773376  11.103754  16.789452  18.357008
  16.092512   0.        14.086567 ]
 [12.075224  11.088206   5.8576994  9.666749   7.999654  10.686776
  10.010104  14.086567   0.       ]]

Depth Predictions: 
[23.718243  17.622166   9.748202   8.6106205 16.85356   16.056002
 19.96083   12.779216   8.657844 ]

Distance Predictions: 
[[ 0.         7.493583  10.403768   6.043256  17.60083   11.298861
   8.406705 ]
 [ 7.493583   0.         7.3562484  3.800195  15.698505   8.933623
   5.747489 ]
 [10.403768   7.3562484  0.         8.735578  16.028864  11.776703
  12.901955 ]
 [ 6.043256   3.800195   8.735578   0.        12.916532   6.9108233
   5.03518  ]
 [17.60083   15.698505  16.028864  12.916532   0.         8.3688545
  12.757013 ]
 [11.298861   8.933623  11.776703   6.9108233  8.3688545  0.
  10.488951 ]
 [ 8.406705   5.747489  12.901955   5.03518   12.757013  10.488951
   0.       ]]

Depth Predictions: 
[10.240322  10.302996  15.718754   6.5092483 16.370554  12.061457
  5.642171 ]
