Constructing new results directory at example/results/attnres/BERT-disk-demo-2024-5-19-15-32-19-643288/
Constructing TwoWordPSDProbe
Constructing OneWordPSDProbe

Distance Predictions: 
[[ 0.        20.36256   13.809881  14.118338  21.149689  14.631502
  25.686739  13.149991  12.027473 ]
 [20.36256    0.        17.317028  22.127369  18.835188  19.418882
  20.69209   16.116936  14.893024 ]
 [13.809881  17.317028   0.         6.1396313 12.867481   9.882251
  20.162664  11.671375   4.64608  ]
 [14.118338  22.127369   6.1396313  0.        10.414484  11.908014
  19.523325   9.884613   7.7296405]
 [21.149689  18.835188  12.867481  10.414484   0.         7.9033184
  19.647335  11.144114  13.636837 ]
 [14.631502  19.418882   9.882251  11.908014   7.9033184  0.
  17.025484   9.1854     7.547216 ]
 [25.686739  20.69209   20.162664  19.523325  19.647335  17.025484
   0.        10.0452175 15.167594 ]
 [13.149991  16.116936  11.671375   9.884613  11.144114   9.1854
  10.0452175  0.         6.8645716]
 [12.027473  14.893024   4.64608    7.7296405 13.636837   7.547216
  15.167594   6.8645716  0.       ]]

Depth Predictions: 
[14.237528  15.869688  13.342766  11.494776   9.476149  13.648377
 14.2087965 15.431592   6.612114 ]

Distance Predictions: 
[[ 0.        15.06135   12.399449  11.048879  23.209278  23.902048
  10.2433815]
 [15.06135    0.        16.940975   8.30151   32.52248   20.879366
  13.887867 ]
 [12.399449  16.940975   0.        14.970012  21.543045  20.473965
  11.408592 ]
 [11.048879   8.30151   14.970012   0.        22.258444  15.846622
   7.2543516]
 [23.209278  32.52248   21.543045  22.258444   0.        15.386079
  15.593541 ]
 [23.902048  20.879366  20.473965  15.846622  15.386079   0.
  16.053617 ]
 [10.2433815 13.887867  11.408592   7.2543516 15.593541  16.053617
   0.       ]]

Depth Predictions: 
[11.04416  18.164127 12.356822  8.263568 16.223978 11.700522 10.810688]
