Constructing new results directory at example/results/attnresln/BERT-disk-demo-2024-5-19-15-46-13-553893/
Constructing TwoWordPSDProbe
Constructing OneWordPSDProbe

Distance Predictions: 
[[ 0.         9.947317  10.497936   9.9478855  7.7672796 12.60951
   5.8799586  6.2857394  8.232599 ]
 [ 9.947317   0.        13.846539  11.330135  14.220633  17.377602
   9.850119  10.354843  11.7288265]
 [10.497936  13.846539   0.         5.76533    5.414572   5.321501
  11.491368   9.442902   4.9224057]
 [ 9.9478855 11.330135   5.76533    0.         8.910149   9.702836
  13.264726   8.010653   6.2464604]
 [ 7.7672796 14.220633   5.414572   8.910149   0.         3.3717456
   6.753211   8.279888   5.53933  ]
 [12.60951   17.377602   5.321501   9.702836   3.3717456  0.
  12.620657  11.101895   5.8093452]
 [ 5.8799586  9.850119  11.491368  13.264726   6.753211  12.620657
   0.         5.924471   8.108606 ]
 [ 6.2857394 10.354843   9.442902   8.010653   8.279888  11.101895
   5.924471   0.         7.9313326]
 [ 8.232599  11.7288265  4.9224057  6.2464604  5.53933    5.8093452
   8.108606   7.9313326  0.       ]]

Depth Predictions: 
[23.386292 28.912643 29.758474 22.208977 32.603626 33.391453 22.93234
 25.953857 24.33869 ]

Distance Predictions: 
[[ 0.         8.03141   11.3777485  5.629324  10.568347   9.708635
   8.82582  ]
 [ 8.03141    0.         3.7334676  3.875114  11.871112  11.209426
   8.035103 ]
 [11.3777485  3.7334676  0.         3.7993312 10.8620825  8.802457
   6.6732087]
 [ 5.629324   3.875114   3.7993312  0.         6.5896473  6.8178053
   4.8579645]
 [10.568347  11.871112  10.8620825  6.5896473  0.         7.6408343
   9.34274  ]
 [ 9.708635  11.209426   8.802457   6.8178053  7.6408343  0.
   6.0596433]
 [ 8.82582    8.035103   6.6732087  4.8579645  9.34274    6.0596433
   0.       ]]

Depth Predictions: 
[16.735104 21.622719 19.380892 20.589834 27.38197  36.708385 23.43469 ]
