Constructing new results directory at example/results/attnres/BERT-disk-demo-2024-5-19-15-33-9-720718/
Constructing TwoWordPSDProbe
Constructing OneWordPSDProbe

Distance Predictions: 
[[ 0.         7.3915224  6.953986   4.8415318  8.319534   6.786382
   8.401193   9.044661   8.397132 ]
 [ 7.3915224  0.         9.446321  11.231482  14.272245  12.666469
   8.740284  10.027975   6.0139885]
 [ 6.953986   9.446321   0.         7.626889  10.830814   6.906045
  10.767753  13.5164     6.9415617]
 [ 4.8415318 11.231482   7.626889   0.         9.638764   9.66199
  12.204118  12.429539  10.85914  ]
 [ 8.319534  14.272245  10.830814   9.638764   0.         3.6108232
  13.163894  12.331087   9.465965 ]
 [ 6.786382  12.666469   6.906045   9.66199    3.6108232  0.
  12.055433  13.412132   8.286974 ]
 [ 8.401193   8.740284  10.767753  12.204118  13.163894  12.055433
   0.         5.9069552  6.471346 ]
 [ 9.044661  10.027975  13.5164    12.429539  12.331087  13.412132
   5.9069552  0.         8.953892 ]
 [ 8.397132   6.0139885  6.9415617 10.85914    9.465965   8.286974
   6.471346   8.953892   0.       ]]

Depth Predictions: 
[21.219023 22.689487 21.8186   20.068666 17.840792 20.149681 14.192593
 18.81901  18.854635]

Distance Predictions: 
[[ 0.        10.143869   9.784797  11.445481  23.094227  17.812366
  10.72482  ]
 [10.143869   0.         4.9716535  6.712254  15.304123  10.039425
   8.056049 ]
 [ 9.784797   4.9716535  0.         7.174388  13.57419   10.052378
   4.5268693]
 [11.445481   6.712254   7.174388   0.         9.6384115 10.070066
   7.978207 ]
 [23.094227  15.304123  13.57419    9.6384115  0.        11.222159
  11.75618  ]
 [17.812366  10.039425  10.052378  10.070066  11.222159   0.
   8.869232 ]
 [10.72482    8.056049   4.5268693  7.978207  11.75618    8.869232
   0.       ]]

Depth Predictions: 
[19.071533 17.505318 21.064695 20.420937 23.149364 17.52933  21.177233]
