Constructing new results directory at example/results/attnresln/BERT-disk-demo-2024-5-19-15-46-26-6300/
Constructing TwoWordPSDProbe
Constructing OneWordPSDProbe

Distance Predictions: 
[[0.         2.4724402  2.0787158  1.929007   2.0915127  1.693225
  4.855971   2.7503977  1.482763  ]
 [2.4724402  0.         2.786146   2.9588854  2.7554119  2.7819724
  3.0982556  1.7717423  1.8091812 ]
 [2.0787158  2.786146   0.         1.1391863  1.1827654  1.4878819
  4.693005   3.0454485  1.2975662 ]
 [1.929007   2.9588854  1.1391863  0.         1.7480534  2.5736043
  4.596217   3.2201352  1.2962685 ]
 [2.0915127  2.7554119  1.1827654  1.7480534  0.         0.98052835
  5.0309286  3.178331   1.0578765 ]
 [1.693225   2.7819724  1.4878819  2.5736043  0.98052835 0.
  4.2692394  2.391252   1.5982366 ]
 [4.855971   3.0982556  4.693005   4.596217   5.0309286  4.2692394
  0.         1.506781   4.2603817 ]
 [2.7503977  1.7717423  3.0454485  3.2201352  3.178331   2.391252
  1.506781   0.         2.5865827 ]
 [1.482763   1.8091812  1.2975662  1.2962685  1.0578765  1.5982366
  4.2603817  2.5865827  0.        ]]

Depth Predictions: 
[4.3707066 4.3655324 3.2615998 4.5310516 4.141045  4.1437716 2.427755
 4.252779  2.7385318]

Distance Predictions: 
[[0.        3.3911264 2.6862373 2.299763  5.1713886 6.3886833 1.9320457]
 [3.3911264 0.        1.8738413 1.627867  4.7239685 3.0892756 1.8245789]
 [2.6862373 1.8738413 0.        1.3410437 5.374975  4.942116  2.2548256]
 [2.299763  1.627867  1.3410437 0.        4.0066133 4.269414  1.270281 ]
 [5.1713886 4.7239685 5.374975  4.0066133 0.        2.9641361 3.7772346]
 [6.3886833 3.0892756 4.942116  4.269414  2.9641361 0.        3.575629 ]
 [1.9320457 1.8245789 2.2548256 1.270281  3.7772346 3.575629  0.       ]]

Depth Predictions: 
[4.25405   5.029376  4.686076  3.4427426 4.6375184 5.257747  2.9668117]
