Constructing new results directory at example/results/attnresln/BERT-disk-demo-2024-5-19-15-44-10-547881/
Constructing TwoWordPSDProbe
Constructing OneWordPSDProbe

Distance Predictions: 
[[ 0.        23.843245  18.057747  17.557318  27.534136  33.82131
  26.236012  19.97749   15.564983 ]
 [23.843245   0.        19.14995   18.530087  23.980694  33.68791
  28.261726  15.217623  16.639227 ]
 [18.057747  19.14995    0.         5.452477  19.225307  20.052095
  22.67537   11.859542   8.22345  ]
 [17.557318  18.530087   5.452477   0.        17.933197  13.654525
  15.953929  12.110643   7.8756404]
 [27.534136  23.980694  19.225307  17.933197   0.        25.50766
  25.42262   13.521702  16.222239 ]
 [33.82131   33.68791   20.052095  13.654525  25.50766    0.
  24.6314    19.104002  19.430553 ]
 [26.236012  28.261726  22.67537   15.953929  25.42262   24.6314
   0.        22.811916  15.779019 ]
 [19.97749   15.217623  11.859542  12.110643  13.521702  19.104002
  22.811916   0.         8.800477 ]
 [15.564983  16.639227   8.22345    7.8756404 16.222239  19.430553
  15.779019   8.800477   0.       ]]

Depth Predictions: 
[11.834853  18.633453   5.2167506  6.291399  13.248449  12.0019245
 12.223604   8.794297   5.500739 ]

Distance Predictions: 
[[ 0.        11.745886  21.144003   7.0344877 11.685368   8.104021
  10.966965 ]
 [11.745886   0.        18.547632   3.5081697 22.801258   9.391208
   9.003868 ]
 [21.144003  18.547632   0.        14.941075  18.65338   17.150124
  17.359186 ]
 [ 7.0344877  3.5081697 14.941075   0.        14.730385   3.4072995
   6.430057 ]
 [11.685368  22.801258  18.65338   14.730385   0.        12.761676
  20.539774 ]
 [ 8.104021   9.391208  17.150124   3.4072995 12.761676   0.
   7.9472733]
 [10.966965   9.003868  17.359186   6.430057  20.539774   7.9472733
   0.       ]]

Depth Predictions: 
[ 6.310063   6.894634  15.819318   2.4673204 18.685738   5.8036714
  5.488195 ]
