Constructing new results directory at example/results/attn/BERT-disk-demo-2024-5-19-13-37-17-942818/
Constructing TwoWordPSDProbe
Constructing OneWordPSDProbe

Distance Predictions: 
[[ 0.        25.084698  21.462337  20.336771  16.77284   18.376373
  35.913097  21.662924  13.752018 ]
 [25.084698   0.        26.242218  25.729736  27.559551  30.314793
  27.298008  27.962652  22.633764 ]
 [21.462337  26.242218   0.        10.203585  12.073003  16.287693
  34.1903    21.115217   8.150324 ]
 [20.336771  25.729736  10.203585   0.        12.717757  16.841085
  28.280748  19.012896  12.6591425]
 [16.77284   27.559551  12.073003  12.717757   0.         8.455955
  28.261433  21.281822  10.565497 ]
 [18.376373  30.314793  16.287693  16.841085   8.455955   0.
  39.73054   18.198563  12.984416 ]
 [35.913097  27.298008  34.1903    28.280748  28.261433  39.73054
   0.        36.968456  26.368322 ]
 [21.662924  27.962652  21.115217  19.012896  21.281822  18.198563
  36.968456   0.        12.435577 ]
 [13.752018  22.633764   8.150324  12.6591425 10.565497  12.984416
  26.368322  12.435577   0.       ]]

Depth Predictions: 
[15.493485 17.061708 16.333317 10.971775 10.419248 13.900054 20.09516
 16.362335 13.580052]

Distance Predictions: 
[[ 0.       20.229786 26.139072 14.885675 18.069984 24.264872 16.215029]
 [20.229786  0.       27.60671  15.892059 22.002827 30.761063 21.97331 ]
 [26.139072 27.60671   0.       14.334026 21.77173  27.942379 22.51664 ]
 [14.885675 15.892059 14.334026  0.       13.846708 24.181501  8.354615]
 [18.069984 22.002827 21.77173  13.846708  0.       10.274079 18.415478]
 [24.264872 30.761063 27.942379 24.181501 10.274079  0.       25.435253]
 [16.215029 21.97331  22.51664   8.354615 18.415478 25.435253  0.      ]]

Depth Predictions: 
[12.426596 16.729315 21.518707 10.443596 13.632488 16.569181 15.649573]
